            1            2            1
            1            3            2
            1            5            3
            1            4            4
            1            6            6
            1            7            8
            2            4            2
            2            6            3
            2            8            8
            3            4            1
            3            7            3
            3            2            5
            3            8            6
            4            8            3
            5            6            1
            5            7            2
            5            8            4
            5            2            7
            5            3            9
            6            8            2
            6            4            9
            7            8            1
            7            6            5
            7            4            7
