            1            2            4            2            8            1
            1            4            3            8            4            2
            1            2            6            2           12            9
            1            6            5           12            6           10
            1            3            7            4           16           17
            1            7            5           16            6           18
            1            6            7           12           16           25
            1            4            6            8           12           33
            1            4            7            8           16           41
            2            4            3            4            9            3
            2            3            1            9            3            4
            2            6            5            6           13           11
            2            5            1           13            3           12
            2            4            8            4           16           17
            2            8            6           16            6           18
            2            8            5           16           13           26
            2            3            5            9           13           37
            2            8            3           16            9           42
            3            1            2            5           10            7
            3            2            4           10            2            8
            3            4            8            2           12            9
            3            8            7           12            6           10
            3            7            5            6           17           19
            3            5            1           17            5           20
            3            5            8           17           12           28
            3            8            2           12           10           34
            3            2            5           10           17           45
            4            3            1            3           11            5
            4            1            2           11            5            6
            4            8            7            6           13           11
            4            7            3           13            3           12
            4            8            6            6           17           19
            4            6            2           17            5           20
            4            7            6           13           17           27
            4            7            1           13           11           38
            4            6            1           17           11           46
            5            6            8            2            8            1
            5            8            7            8            4            2
            5            1            2            7           14           15
            5            2            6           14            2           16
            5            1            3            7           18           23
            5            3            7           18            4           24
            5            2            3           14           18           29
            5            2            8           14            8           36
            5            3            8           18            8           44
            6            8            7            4            9            3
            6            7            5            9            3            4
            6            5            1            3           15           13
            6            1            2           15            7           14
            6            2            4            7           18           23
            6            4            8           18            4           24
            6            4            1           18           15           30
            6            1            7           15            9           40
            6            7            4            9           18           43
            7            5            6            5           10            7
            7            6            8           10            2            8
            7            3            4            7           14           15
            7            4            8           14            2           16
            7            5            1            5           19           21
            7            1            3           19            7           22
            7            1            4           19           14           32
            7            6            4           10           14           35
            7            1            6           19           10           48
            8            7            5            3           11            5
            8            5            6           11            5            6
            8            7            3            3           15           13
            8            3            4           15            7           14
            8            6            2            5           19           21
            8            2            4           19            7           22
            8            3            2           15           19           31
            8            5            3           11           15           39
            8            5            2           11           19           47
